22.0
38.0
26.0
35.0
35.0
54.0
2.0
27.0
14.0
4.0
58.0
20.0
39.0
14.0
55.0
2.0
31.0
35.0
34.0
15.0
28.0
8.0
38.0
19.0
40.0
66.0
28.0
42.0
21.0
18.0
14.0
40.0
27.0
3.0
19.0
18.0
7.0
21.0
49.0
29.0
65.0
21.0
28.5
5.0
11.0
22.0
38.0
45.0
4.0
29.0
19.0
17.0
26.0
32.0
16.0
21.0
26.0
32.0
25.0
0.83
30.0
22.0
29.0
28.0
17.0
33.0
16.0
23.0
24.0
29.0
20.0
46.0
26.0
59.0
71.0
23.0
34.0
34.0
28.0
21.0
33.0
37.0
28.0
21.0
38.0
47.0
14.5
22.0
20.0
17.0
21.0
70.5
29.0
24.0
2.0
21.0
32.5
32.5
54.0
12.0
24.0
45.0
33.0
20.0
47.0
29.0
25.0
23.0
19.0
37.0
16.0
24.0
22.0
24.0
19.0
18.0
19.0
27.0
9.0
36.5
42.0
51.0
22.0
55.5
40.5
51.0
16.0
30.0
44.0
40.0
26.0
17.0
1.0
9.0
45.0
28.0
61.0
4.0
1.0
21.0
56.0
18.0
50.0
30.0
36.0
9.0
1.0
4.0
45.0
40.0
36.0
32.0
19.0
19.0
3.0
44.0
58.0
42.0
24.0
28.0
34.0
45.5
18.0
2.0
32.0
26.0
16.0
40.0
24.0
35.0
22.0
30.0
31.0
27.0
42.0
32.0
30.0
16.0
27.0
51.0
38.0
22.0
19.0
20.5
18.0
35.0
29.0
59.0
5.0
24.0
44.0
8.0
19.0
33.0
29.0
22.0
30.0
44.0
25.0
24.0
37.0
54.0
29.0
62.0
30.0
41.0
29.0
30.0
35.0
50.0
3.0
52.0
40.0
36.0
16.0
25.0
58.0
35.0
25.0
41.0
37.0
63.0
45.0
7.0
35.0
65.0
28.0
16.0
19.0
33.0
30.0
22.0
42.0
22.0
26.0
19.0
36.0
24.0
24.0
23.5
2.0
50.0
19.0
0.92
17.0
30.0
30.0
24.0
18.0
26.0
28.0
43.0
26.0
24.0
54.0
31.0
40.0
22.0
27.0
30.0
22.0
36.0
61.0
36.0
31.0
16.0
45.5
38.0
16.0
29.0
41.0
45.0
45.0
2.0
24.0
28.0
25.0
36.0
24.0
40.0
3.0
42.0
23.0
15.0
25.0
28.0
22.0
38.0
40.0
29.0
45.0
35.0
30.0
60.0
24.0
25.0
18.0
19.0
22.0
3.0
22.0
27.0
20.0
19.0
42.0
1.0
32.0
35.0
18.0
1.0
36.0
17.0
36.0
21.0
28.0
23.0
24.0
22.0
31.0
46.0
23.0
28.0
39.0
26.0
21.0
28.0
20.0
34.0
51.0
3.0
21.0
33.0
44.0
34.0
18.0
30.0
10.0
21.0
29.0
28.0
18.0
28.0
19.0
32.0
28.0
42.0
17.0
50.0
14.0
21.0
24.0
64.0
31.0
45.0
20.0
25.0
28.0
4.0
13.0
34.0
5.0
52.0
36.0
30.0
49.0
29.0
65.0
50.0
48.0
34.0
47.0
48.0
38.0
56.0
0.75
38.0
33.0
23.0
22.0
34.0
29.0
22.0
2.0
9.0
50.0
63.0
25.0
35.0
58.0
30.0
9.0
21.0
55.0
71.0
21.0
54.0
25.0
24.0
17.0
21.0
37.0
16.0
18.0
33.0
28.0
26.0
29.0
36.0
54.0
24.0
47.0
34.0
36.0
32.0
30.0
22.0
44.0
40.5
50.0
39.0
23.0
2.0
17.0
30.0
7.0
45.0
30.0
22.0
36.0
9.0
11.0
32.0
50.0
64.0
19.0
33.0
8.0
17.0
27.0
22.0
22.0
62.0
48.0
39.0
36.0
40.0
28.0
24.0
19.0
29.0
32.0
62.0
53.0
36.0
16.0
19.0
34.0
39.0
32.0
25.0
39.0
54.0
36.0
18.0
47.0
60.0
22.0
35.0
52.0
47.0
37.0
36.0
49.0
49.0
24.0
44.0
35.0
36.0
30.0
27.0
22.0
40.0
39.0
35.0
24.0
34.0
26.0
4.0
26.0
27.0
42.0
20.0
21.0
21.0
61.0
57.0
21.0
26.0
80.0
51.0
32.0
9.0
28.0
32.0
31.0
41.0
20.0
24.0
2.0
0.75
48.0
19.0
56.0
23.0
18.0
21.0
18.0
24.0
32.0
23.0
58.0
50.0
40.0
47.0
36.0
20.0
32.0
25.0
43.0
40.0
31.0
70.0
31.0
18.0
24.5
18.0
43.0
36.0
27.0
20.0
14.0
60.0
25.0
14.0
19.0
18.0
15.0
31.0
4.0
25.0
60.0
52.0
44.0
49.0
42.0
18.0
35.0
18.0
25.0
26.0
39.0
45.0
42.0
22.0
24.0
48.0
29.0
52.0
19.0
38.0
27.0
33.0
6.0
17.0
34.0
50.0
27.0
20.0
30.0
25.0
25.0
29.0
11.0
23.0
23.0
28.5
48.0
35.0
36.0
21.0
24.0
31.0
70.0
16.0
30.0
19.0
31.0
4.0
6.0
33.0
23.0
48.0
0.67
28.0
18.0
34.0
33.0
41.0
20.0
36.0
16.0
51.0
30.5
32.0
24.0
48.0
57.0
54.0
18.0
5.0
43.0
13.0
17.0
29.0
25.0
25.0
18.0
8.0
1.0
46.0
16.0
25.0
39.0
49.0
31.0
30.0
30.0
34.0
31.0
11.0
0.42
27.0
31.0
39.0
18.0
39.0
33.0
26.0
39.0
35.0
6.0
30.5
23.0
31.0
43.0
10.0
52.0
27.0
38.0
27.0
2.0
1.0
62.0
15.0
0.83
23.0
18.0
39.0
21.0
32.0
20.0
16.0
30.0
34.5
17.0
42.0
35.0
28.0
4.0
74.0
9.0
16.0
44.0
18.0
45.0
51.0
24.0
41.0
21.0
48.0
24.0
42.0
27.0
31.0
4.0
26.0
47.0
33.0
47.0
28.0
15.0
20.0
19.0
56.0
25.0
33.0
22.0
28.0
25.0
39.0
27.0
19.0
26.0
32.0
